DSCF1013_mirror.jpg:[1941, 1690, 489, 201, 1],[1398, 1619, 475, 224, 2],[874, 1566, 460, 228, 3],[1866, 1832, 497, 231, 4],[1282, 1798, 486, 228, 5],[743, 1742, 475, 228, 6]
DSCF1015_mirror.jpg:[1825, 1342, 1181, 892, 3],[472, 1022, 1122, 735, 6]
DSCF1016_mirror.jpg:[1466, 1843, 1114, 613, 4],[672, 1278, 1021, 561, 6],[291, 717, 964, 635, 3]
DSCF1017_mirror.jpg:[1024, 698, 789, 422, 4]
DSCF1021_mirror.jpg:[733, 755, 923, 546, 5]
DSCF1023_mirror.jpg:[953, 1166, 785, 452, 2]
DSCF1025_mirror.jpg:[1410, 1570, 1252, 710, 6]
DSCF1029_mirror.jpg:[2247, 1648, 1271, 733, 6],[1069, 1076, 1122, 834, 2],[37, 826, 1058, 804, 1]
DSCF1032_mirror.jpg:[2520, 1200, 983, 467, 5],[392, 1125, 916, 456, 6]
DSCF1037_mirror.jpg:[968, 1712, 1469, 643, 1]
DSCF1038_mirror.jpg:[683, 1764, 1754, 796, 2]
DSCF1040_mirror.jpg:[2209, 1813, 976, 546, 2],[1331, 1791, 871, 482, 1],[557, 1779, 785, 463, 4]
DSCF1042_mirror.jpg:[613, 1682, 1013, 504, 5]
DSCF1044_mirror.jpg:[1241, 1200, 946, 523, 6]
DSCF1048_mirror.jpg:[2539, 1230, 665, 314, 4],[1484, 1181, 665, 295, 5],[433, 1099, 703, 310, 3]
DSCF1049_mirror.jpg:[2378, 998, 789, 388, 4],[1189, 1192, 740, 396, 5],[183, 1364, 706, 347, 3]
DSCF1050_mirror.jpg:[2389, 766, 804, 366, 5],[1088, 807, 792, 366, 3]
DSCF1053_mirror.jpg:[1716, 1536, 1006, 516, 1],[624, 1510, 1013, 523, 6]
DSCF1056_mirror.jpg:[1944, 957, 1234, 632, 2],[728, 953, 1219, 662, 6]
DSCF1059_mirror.jpg:[1323, 994, 1103, 706, 2]
DSCF1061_mirror.jpg:[1798, 1648, 1361, 792, 6],[1312, 1203, 1144, 632, 2]
DSCF1064_mirror.jpg:[437, 358, 811, 519, 3],[2135, 740, 927, 579, 2]
DSCF1065_mirror.jpg:[2131, 1031, 811, 306, 5],[688, 908, 766, 306, 1]
DSCF1066_mirror.jpg:[1910, 1121, 718, 332, 1],[927, 1121, 695, 321, 5]
DSCF1068_mirror.jpg:[1581, 343, 1316, 501, 5],[231, 1533, 957, 527, 1]
DSCF1070_mirror.jpg:[1002, 1413, 1028, 583, 2],[1241, 990, 878, 523, 6]
DSCF1072_mirror.jpg:[1985, 1211, 916, 549, 3],[774, 1465, 968, 534, 2]
DSCF1074_mirror.jpg:[778, 1319, 1742, 964, 2]
DSCF1077_mirror.jpg:[2229, 1282, 1110, 620, 6],[814, 1342, 1133, 624, 1]
DSCF1081_mirror.jpg:[1458, 1282, 714, 396, 4]
DSCF1082_mirror.jpg:[1694, 579, 957, 534, 5],[583, 601, 946, 542, 4]
DSCF1086_mirror.jpg:[2322, 975, 609, 332, 4],[1574, 971, 602, 336, 2],[878, 1005, 594, 344, 1],[167, 990, 602, 359, 3]
DSCF1088_mirror.jpg:[1626, 440, 789, 422, 5],[1667, 1525, 654, 370, 2]
DSCF1090_mirror.jpg:[1054, 784, 673, 370, 1]
DSCF1092_mirror.jpg:[2356, 1293, 867, 538, 4],[1121, 1521, 890, 516, 5],[415, 1028, 751, 504, 3]
DSCF1094_mirror.jpg:[1278, 1035, 991, 583, 4]
DSCF1097_mirror.jpg:[1166, 642, 1155, 635, 5]
DSCF1099_mirror.jpg:[1421, 556, 1114, 564, 6]
DSCF1101_mirror.jpg:[1716, 1072, 916, 504, 2]
DSCF1103_mirror.jpg:[1481, 541, 691, 359, 6],[1630, 1880, 849, 516, 5]
DSCF1104_mirror.jpg:[1248, 493, 684, 329, 5],[1241, 1783, 774, 426, 1]
DSCF1105_mirror.jpg:[1245, 1016, 1312, 755, 2]
DSCF1106_mirror.jpg:[1290, 1076, 1155, 624, 2]
DSCF1109_mirror.jpg:[1416, 878, 1178, 650, 3]
DSCF1110_mirror.jpg:[1802, 743, 1159, 654, 3],[553, 792, 1174, 643, 1]
DSCF1111_mirror.jpg:[733, 867, 1024, 576, 6],[1933, 874, 1043, 583, 2]
DSCF1114_mirror.jpg:[1118, 1177, 994, 508, 6]
DSCF1116_mirror.jpg:[1110, 1458, 998, 523, 5]
DSCF1120_mirror.jpg:[1087, 1274, 1324, 706, 3]
DSCF1122_mirror.jpg:[1159, 949, 1009, 542, 5]
DSCF1125_mirror.jpg:[2015, 930, 654, 415, 1],[1634, 1394, 815, 482, 6],[449, 1252, 792, 460, 2]
DSCF1129_mirror.jpg:[1447, 1772, 792, 501, 6]
DSCF1130_mirror.jpg:[1376, 1708, 755, 471, 1]
DSCF1132_mirror.jpg:[407, 1005, 489, 250, 1],[471, 1278, 893, 523, 4],[2067, 1663, 1406, 740, 5]
DSCF1133_mirror.jpg:[1155, 1192, 1140, 841, 1]
DSCF1135_mirror.jpg:[1241, 1233, 605, 359, 6]
DSCF1137_mirror.jpg:[919, 1136, 849, 478, 2]
DSCF1140_mirror.jpg:[1136, 594, 789, 284, 6]
DSCF1141_mirror.jpg:[1073, 665, 781, 276, 2]
DSCF1142_mirror.jpg:[1847, 1200, 886, 388, 2],[759, 1211, 878, 388, 1]
